"","date_use","total_cases","new_case","avg_cases","total_deaths","new_deaths","avg_deaths"
"1",2020-12-05,427699,154,5409,7491,2,21
"2",2020-12-04,427545,1494,6201,7489,10,25
"3",2020-12-03,426051,5529,6532,7479,30,26
"4",2020-12-02,420522,8964,5924,7449,25,25
"5",2020-12-01,411558,9727,5490,7424,35,25
"6",2020-11-30,401831,9443,4887,7389,25,24
"7",2020-11-29,392388,2550,4261,7364,23,26
"8",2020-11-28,389838,5699,4210,7341,26,27
"9",2020-11-27,384139,3815,3868,7315,20,27
"10",2020-11-26,380324,1273,4019,7295,22,27
"11",2020-11-25,379051,5920,4472,7273,24,29
"12",2020-11-24,373131,5507,4345,7249,29,28
"13",2020-11-23,367624,5063,4283,7220,39,29
"14",2020-11-22,362561,2193,4238,7181,31,27
"15",2020-11-21,360368,3305,4187,7150,25,25
"16",2020-11-20,357063,4874,4091,7125,20,24
"17",2020-11-19,352189,4444,3877,7105,35,24
"18",2020-11-18,347745,5032,3704,7070,20,22
"19",2020-11-17,342713,5070,3451,7050,33,21
"20",2020-11-16,337643,4749,3176,7017,23,19
"21",2020-11-15,332894,1833,2956,6994,20,18
"22",2020-11-14,331061,2634,2854,6974,17,17
"23",2020-11-13,328427,3376,2754,6957,22,16
"24",2020-11-12,325051,3237,2614,6935,18,15
"25",2020-11-11,321814,3258,2513,6917,16,14
"26",2020-11-10,318556,3143,2401,6901,15,13
"27",2020-11-09,315413,3213,2233,6886,15,13
"28",2020-11-08,312200,1119,2047,6871,13,12
"29",2020-11-07,311081,1934,2000,6858,11,13
"30",2020-11-06,309147,2396,1886,6847,18,13
"31",2020-11-05,306751,2530,1736,6829,8,12
"32",2020-11-04,304221,2475,1560,6821,10,13
"33",2020-11-03,301746,1961,1379,6811,13,14
"34",2020-11-02,299785,1912,1286,6798,12,14
"35",2020-11-01,297873,793,1224,6786,18,14
"36",2020-10-31,297080,1135,1218,6768,13,14
"37",2020-10-30,295945,1343,1210,6755,9,14
"38",2020-10-29,294602,1299,1242,6746,17,16
"39",2020-10-28,293303,1212,1296,6729,13,15
"40",2020-10-27,292091,1309,1365,6716,17,15
"41",2020-10-26,290782,1477,1413,6699,13,15
"42",2020-10-25,289305,752,1464,6686,16,15
"43",2020-10-24,288553,1078,1448,6670,14,14
"44",2020-10-23,287475,1569,1441,6656,19,14
"45",2020-10-22,285906,1673,1409,6637,14,14
"46",2020-10-21,284233,1695,1367,6623,15,14
"47",2020-10-20,282538,1649,1316,6608,14,14
"48",2020-10-19,280889,1829,1256,6594,16,15
"49",2020-10-18,279060,642,1213,6578,9,15
"50",2020-10-17,278418,1033,1192,6569,11,16
"51",2020-10-16,277385,1342,1194,6558,19,16
"52",2020-10-15,276043,1380,1180,6539,14,14
"53",2020-10-14,274663,1339,1156,6525,17,15
"54",2020-10-13,273324,1227,1154,6508,19,16
"55",2020-10-12,272097,1527,1107,6489,15,15
"56",2020-10-11,270570,499,1047,6474,16,15
"57",2020-10-10,270071,1043,1048,6458,9,16
"58",2020-10-09,269028,1247,1024,6449,10,16
"59",2020-10-08,267781,1213,1003,6439,22,16
"60",2020-10-07,266568,1321,997,6417,19,15
"61",2020-10-06,265247,902,985,6398,17,14
"62",2020-10-05,264345,1106,1023,6381,14,13
"63",2020-10-04,263239,505,1025,6367,18,14
"64",2020-10-03,262734,873,1023,6349,12,14
"65",2020-10-02,261861,1098,1003,6337,11,15
"66",2020-10-01,260763,1173,999,6326,13,16
"67",2020-09-30,259590,1239,1001,6313,14,17
"68",2020-09-29,258351,1169,985,6299,9,19
"69",2020-09-28,257182,1116,975,6290,20,20
"70",2020-09-27,256066,496,992,6270,18,19
"71",2020-09-26,255570,727,985,6252,20,19
"72",2020-09-25,254843,1073,981,6232,17,18
"73",2020-09-24,253770,1189,964,6215,19,18
"74",2020-09-23,252581,1124,945,6196,27,18
"75",2020-09-22,251457,1097,950,6169,18,17
"76",2020-09-21,250360,1235,930,6151,15,17
"77",2020-09-20,249125,449,918,6136,15,17
"78",2020-09-19,248676,703,898,6121,16,18
"79",2020-09-18,247973,950,887,6105,15,18
"80",2020-09-17,247023,1058,891,6090,18,20
"81",2020-09-16,245965,1157,872,6072,20,21
"82",2020-09-15,244808,961,854,6052,20,22
"83",2020-09-14,243847,1148,881,6032,18,23
"84",2020-09-13,242699,307,770,6014,19,24
"85",2020-09-12,242392,629,780,5995,19,25
"86",2020-09-11,241763,976,754,5976,25,25
"87",2020-09-10,240787,925,753,5951,25,26
"88",2020-09-09,239862,1031,766,5926,28,26
"89",2020-09-08,238831,1149,792,5898,28,25
"90",2020-09-07,237682,376,783,5870,26,25
"91",2020-09-06,237306,373,904,5844,22,25
"92",2020-09-05,236933,451,910,5822,22,27
"93",2020-09-04,236482,965,964,5800,30,29
"94",2020-09-03,235517,1018,977,5770,24,28
"95",2020-09-02,234499,1213,1001,5746,23,29
"96",2020-09-01,233286,1082,1027,5723,28,29
"97",2020-08-31,232204,1228,1051,5695,29,30
"98",2020-08-30,230976,412,1094,5666,33,29
"99",2020-08-29,230564,833,1107,5633,34,28
"100",2020-08-28,229731,1054,1115,5599,22,29
"101",2020-08-27,228677,1182,1151,5577,31,30
"102",2020-08-26,227495,1397,1172,5546,28,31
"103",2020-08-25,226098,1250,1175,5518,30,33
"104",2020-08-24,224848,1533,1205,5488,25,33
"105",2020-08-23,223315,498,1203,5463,29,35
"106",2020-08-22,222817,889,1209,5434,37,36
"107",2020-08-21,221928,1309,1238,5397,32,35
"108",2020-08-20,220619,1330,1254,5365,37,35
"109",2020-08-19,219289,1414,1280,5328,41,35
"110",2020-08-18,217875,1465,1310,5287,29,33
"111",2020-08-17,216410,1518,1339,5258,39,35
"112",2020-08-16,214892,540,1414,5219,36,36
"113",2020-08-15,214352,1087,1429,5183,32,36
"114",2020-08-14,213265,1425,1458,5151,34,37
"115",2020-08-13,211840,1509,1522,5117,31,37
"116",2020-08-12,210331,1629,1571,5086,32,37
"117",2020-08-11,208702,1666,1626,5054,43,38
"118",2020-08-10,207036,2044,1701,5011,43,38
"119",2020-08-09,204992,645,1719,4968,40,38
"120",2020-08-08,204347,1286,1731,4928,35,38
"121",2020-08-07,203061,1876,1780,4893,33,40
"122",2020-08-06,201185,1853,1816,4860,36,40
"123",2020-08-05,199332,2012,1874,4824,34,41
"124",2020-08-04,197320,2188,1920,4790,47,42
"125",2020-08-03,195132,2172,1974,4743,41,40
"126",2020-08-02,192960,733,2035,4702,40,40
"127",2020-08-01,192227,1629,2044,4662,47,40
"128",2020-07-31,190598,2125,2101,4615,38,40
"129",2020-07-30,188473,2261,2155,4577,41,40
"130",2020-07-29,186212,2334,2204,4536,39,40
"131",2020-07-28,183878,2564,2299,4497,32,42
"132",2020-07-27,181314,2600,2394,4465,42,44
"133",2020-07-26,178714,792,2509,4423,44,43
"134",2020-07-25,177922,2030,2547,4379,46,42
"135",2020-07-24,175892,2505,2593,4333,39,40
"136",2020-07-23,173387,2605,2704,4294,38,40
"137",2020-07-22,170782,2999,2818,4256,50,41
"138",2020-07-21,167783,3227,2823,4206,46,39
"139",2020-07-20,164556,3403,2845,4160,41,39
"140",2020-07-19,161153,1061,2867,4119,37,41
"141",2020-07-18,160092,2352,2892,4082,32,40
"142",2020-07-17,157740,3279,2908,4050,36,40
"143",2020-07-16,154461,3402,2909,4014,43,41
"144",2020-07-15,151059,3037,2901,3971,37,39
"145",2020-07-14,148022,3384,2951,3934,48,39
"146",2020-07-13,144638,3555,2962,3886,55,37
"147",2020-07-12,141083,1238,2842,3831,30,34
"148",2020-07-11,139845,2464,2834,3801,33,35
"149",2020-07-10,137381,3282,2611,3768,40,35
"150",2020-07-09,134099,3349,2358,3728,32,34
"151",2020-07-08,130750,3388,2343,3696,35,35
"152",2020-07-07,127362,3456,2348,3661,33,34
"153",2020-07-06,123906,2714,2289,3628,35,35
"154",2020-07-05,121192,1182,2323,3593,39,34
"155",2020-07-04,120010,906,2312,3554,28,34
"156",2020-07-03,119104,1509,2475,3526,33,34
"157",2020-07-02,117595,3243,2666,3493,41,34
"158",2020-07-01,114352,3426,2619,3452,29,31
"159",2020-06-30,110926,3045,2509,3423,38,33
"160",2020-06-29,107881,2953,2421,3385,32,30
"161",2020-06-28,104928,1099,2315,3353,40,30
"162",2020-06-27,103829,2047,2293,3313,24,28
"163",2020-06-26,101782,2847,2215,3289,31,31
"164",2020-06-25,98935,2918,2065,3258,26,31
"165",2020-06-24,96017,2655,1909,3232,37,32
"166",2020-06-23,93362,2430,1803,3195,21,32
"167",2020-06-22,90932,2210,1721,3174,30,32
"168",2020-06-21,88722,947,1693,3144,30,33
"169",2020-06-20,87775,1497,1680,3114,39,33
"170",2020-06-19,86278,1798,1646,3075,35,31
"171",2020-06-18,84480,1826,1603,3040,29,30
"172",2020-06-17,82654,1915,1543,3011,40,29
"173",2020-06-16,80739,1857,1486,2971,24,27
"174",2020-06-15,78882,2008,1412,2947,32,29
"175",2020-06-14,76874,856,1348,2915,29,30
"176",2020-06-13,76018,1259,1325,2886,28,31
"177",2020-06-12,74759,1497,1300,2858,29,32
"178",2020-06-11,73262,1412,1283,2829,24,33
"179",2020-06-10,71850,1510,1302,2805,26,36
"180",2020-06-09,70340,1340,1277,2779,36,39
"181",2020-06-08,69000,1561,1286,2743,38,38
"182",2020-06-07,67439,696,1235,2705,35,38
"183",2020-06-06,66743,1082,1205,2670,35,37
"184",2020-06-05,65661,1383,1182,2635,40,38
"185",2020-06-04,64278,1542,1197,2595,45,37
"186",2020-06-03,62736,1335,1157,2550,45,35
"187",2020-06-02,61401,1403,1164,2505,30,35
"188",2020-06-01,59998,1203,1204,2475,37,37
"189",2020-05-31,58795,487,1167,2438,30,35
"190",2020-05-30,58308,919,1170,2408,37,36
"191",2020-05-29,57389,1489,1145,2371,33,36
"192",2020-05-28,55900,1264,1071,2338,32,37
"193",2020-05-27,54636,1385,1025,2306,47,37
"194",2020-05-26,53251,1683,993,2259,40,34
"195",2020-05-25,51568,942,889,2219,28,35
"196",2020-05-24,50626,508,921,2191,38,38
"197",2020-05-23,50118,743,926,2153,34,38
"198",2020-05-22,49375,971,928,2119,43,40
"199",2020-05-21,48404,946,964,2076,27,40
"200",2020-05-20,47458,1156,1007,2049,29,41
"201",2020-05-19,46302,957,978,2020,47,42
"202",2020-05-18,45345,1163,997,1973,45,43
"203",2020-05-17,44182,548,1000,1928,38,40
"204",2020-05-16,43634,757,1005,1890,52,39
"205",2020-05-15,42877,1219,997,1838,43,39
"206",2020-05-14,41658,1250,966,1795,31,40
"207",2020-05-13,40408,949,923,1764,41,43
"208",2020-05-12,39459,1095,930,1723,48,44
"209",2020-05-11,38364,1180,953,1675,28,43
"210",2020-05-10,37184,587,918,1647,32,45
"211",2020-05-09,36597,699,902,1615,50,47
"212",2020-05-08,35898,999,903,1565,50,47
"213",2020-05-07,34899,953,892,1515,50,45
"214",2020-05-06,33946,999,887,1465,53,44
"215",2020-05-05,32947,1257,886,1412,37,42
"216",2020-05-04,31690,933,843,1375,44,45
"217",2020-05-03,30757,474,864,1331,44,44
"218",2020-05-02,30283,707,883,1287,49,43
"219",2020-05-01,29576,923,910,1238,36,42
"220",2020-04-30,28653,918,923,1202,45,43
"221",2020-04-29,27735,992,931,1157,42,44
"222",2020-04-28,26743,956,900,1115,54,45
"223",2020-04-27,25787,1080,889,1061,37,43
"224",2020-04-26,24707,602,868,1024,41,44
"225",2020-04-25,24105,900,852,983,39,43
"226",2020-04-24,23205,1014,811,944,44,43
"227",2020-04-23,22191,972,785,900,51,43
"228",2020-04-22,21219,776,755,849,47,44
"229",2020-04-21,20443,876,765,802,40,42
"230",2020-04-20,19567,937,735,762,47,43
"231",2020-04-19,18630,488,698,715,36,42
"232",2020-04-18,18142,612,690,679,38,42
"233",2020-04-17,17530,833,671,641,39,41
"234",2020-04-16,16697,765,635,602,58,40
"235",2020-04-15,15932,845,607,544,35,37
"236",2020-04-14,15087,662,573,509,47,37
"237",2020-04-13,14425,678,579,462,42,34
"238",2020-04-12,13747,435,559,420,37,31
"239",2020-04-11,13312,476,581,383,30,29
"240",2020-04-10,12836,582,598,353,30,27
"241",2020-04-09,12254,574,627,323,35,27
"242",2020-04-08,11680,606,634,288,40,25
"243",2020-04-07,11074,701,635,248,25,22
"244",2020-04-06,10373,537,626,223,17,21
"245",2020-04-05,9836,592,637,206,23,20
"246",2020-04-04,9244,591,605,183,21,19
"247",2020-04-03,8653,788,577,162,26,17
"248",2020-04-02,7865,620,518,136,22,14
"249",2020-04-01,7245,614,483,114,19,12
"250",2020-03-31,6631,638,457,95,17,10
"251",2020-03-30,5993,616,406,78,11,8
"252",2020-03-29,5377,370,360,67,15,8
"253",2020-03-28,5007,393,343,52,8,6
"254",2020-03-27,4614,374,315,44,9,5
"255",2020-03-26,4240,373,297,35,4,4
"256",2020-03-25,3867,436,275,31,7,4
"257",2020-03-24,3431,281,239,24,3,3
"258",2020-03-23,3150,291,229,21,7,3
"259",2020-03-22,2859,253,219,14,4,2
"260",2020-03-21,2606,195,207,10,3,1
"261",2020-03-20,2411,252,200,7,3,1
"262",2020-03-19,2159,217,185,4,4,1
"263",2020-03-18,1942,187,177,0,0,0
"264",2020-03-17,1755,208,169,0,0,0
"265",2020-03-16,1547,223,153,0,0,0
"266",2020-03-15,1324,168,134,0,0,0
"267",2020-03-14,1156,144,116,0,0,0
"268",2020-03-13,1012,151,102,0,0,0
"269",2020-03-12,861,157,86,0,0,0
"270",2020-03-11,704,132,68,0,0,0
"271",2020-03-10,572,96,52,0,0,0
"272",2020-03-09,476,87,40,0,0,0
"273",2020-03-08,389,47,31,0,0,0
"274",2020-03-07,342,41,28,0,0,0
"275",2020-03-06,301,43,NA,0,0,NA
"276",2020-03-05,258,33,NA,0,0,NA
"277",2020-03-04,225,19,NA,0,0,NA
"278",2020-03-03,206,13,NA,0,0,NA
"279",2020-03-02,193,19,NA,0,0,NA
"280",2020-03-01,174,25,NA,0,0,NA
